Sample Name,Adapter Sequence,Trimmed (Read 1),Trimmed (Read 2),Total Trimmed
RAT10,CTGTCTCTTATACACATCT,410,725,1135
RAT10,GTCTCGTGGGCTCGGAGATGTGTATAAGAGACAGGACTACHVGGGTATCTAATCC,0,1121285,1121285
RAT10,TCGTCGGCAGCGTCAGATGTGTATAAGAGACAGCCTACGGGNGGCWGCAG,1238691,0,1238691
RAT10,TOTAL,1239101,1122010,2361111
RAT11,CTGTCTCTTATACACATCT,347,731,1078
RAT11,GTCTCGTGGGCTCGGAGATGTGTATAAGAGACAGGACTACHVGGGTATCTAATCC,0,1112011,1112011
RAT11,TCGTCGGCAGCGTCAGATGTGTATAAGAGACAGCCTACGGGNGGCWGCAG,1205605,0,1205605
RAT11,TOTAL,1205952,1112742,2318694
RAT15,CTGTCTCTTATACACATCT,244,608,852
RAT15,GTCTCGTGGGCTCGGAGATGTGTATAAGAGACAGGACTACHVGGGTATCTAATCC,0,690124,690124
RAT15,TCGTCGGCAGCGTCAGATGTGTATAAGAGACAGCCTACGGGNGGCWGCAG,773236,0,773236
RAT15,TOTAL,773480,690732,1464212
RAT1,CTGTCTCTTATACACATCT,430,905,1335
RAT1,GTCTCGTGGGCTCGGAGATGTGTATAAGAGACAGGACTACHVGGGTATCTAATCC,0,1148671,1148671
RAT1,TCGTCGGCAGCGTCAGATGTGTATAAGAGACAGCCTACGGGNGGCWGCAG,1275366,0,1275366
RAT1,TOTAL,1275796,1149576,2425372
RAT20,CTGTCTCTTATACACATCT,378,763,1141
RAT20,GTCTCGTGGGCTCGGAGATGTGTATAAGAGACAGGACTACHVGGGTATCTAATCC,0,1052149,1052149
RAT20,TCGTCGGCAGCGTCAGATGTGTATAAGAGACAGCCTACGGGNGGCWGCAG,1162789,0,1162789
RAT20,TOTAL,1163167,1052912,2216079
RAT21,CTGTCTCTTATACACATCT,10,279,289
RAT21,GTCTCGTGGGCTCGGAGATGTGTATAAGAGACAGGACTACHVGGGTATCTAATCC,0,192089,192089
RAT21,TCGTCGGCAGCGTCAGATGTGTATAAGAGACAGCCTACGGGNGGCWGCAG,229214,0,229214
RAT21,TOTAL,229224,192368,421592
RAT25,CTGTCTCTTATACACATCT,71,636,707
RAT25,GTCTCGTGGGCTCGGAGATGTGTATAAGAGACAGGACTACHVGGGTATCTAATCC,0,788770,788770
RAT25,TCGTCGGCAGCGTCAGATGTGTATAAGAGACAGCCTACGGGNGGCWGCAG,881865,0,881865
RAT25,TOTAL,881936,789406,1671342
RAT2,CTGTCTCTTATACACATCT,158,648,806
RAT2,GTCTCGTGGGCTCGGAGATGTGTATAAGAGACAGGACTACHVGGGTATCTAATCC,0,687069,687069
RAT2,TCGTCGGCAGCGTCAGATGTGTATAAGAGACAGCCTACGGGNGGCWGCAG,779834,0,779834
RAT2,TOTAL,779992,687717,1467709
RAT30,CTGTCTCTTATACACATCT,319,320,639
RAT30,GTCTCGTGGGCTCGGAGATGTGTATAAGAGACAGGACTACHVGGGTATCTAATCC,0,876642,876642
RAT30,TCGTCGGCAGCGTCAGATGTGTATAAGAGACAGCCTACGGGNGGCWGCAG,936930,0,936930
RAT30,TOTAL,937249,876962,1814211
RAT33,CTGTCTCTTATACACATCT,269,506,775
RAT33,GTCTCGTGGGCTCGGAGATGTGTATAAGAGACAGGACTACHVGGGTATCTAATCC,0,918113,918113
RAT33,TCGTCGGCAGCGTCAGATGTGTATAAGAGACAGCCTACGGGNGGCWGCAG,985866,0,985866
RAT33,TOTAL,986135,918619,1904754
RAT34,CTGTCTCTTATACACATCT,91,563,654
RAT34,GTCTCGTGGGCTCGGAGATGTGTATAAGAGACAGGACTACHVGGGTATCTAATCC,0,660817,660817
RAT34,TCGTCGGCAGCGTCAGATGTGTATAAGAGACAGCCTACGGGNGGCWGCAG,731996,0,731996
RAT34,TOTAL,732087,661380,1393467
RAT35,CTGTCTCTTATACACATCT,104,263,367
RAT35,GTCTCGTGGGCTCGGAGATGTGTATAAGAGACAGGACTACHVGGGTATCTAATCC,0,611091,611091
RAT35,TCGTCGGCAGCGTCAGATGTGTATAAGAGACAGCCTACGGGNGGCWGCAG,654356,0,654356
RAT35,TOTAL,654460,611354,1265814
RAT36,CTGTCTCTTATACACATCT,163,893,1056
RAT36,GTCTCGTGGGCTCGGAGATGTGTATAAGAGACAGGACTACHVGGGTATCTAATCC,0,1624120,1624120
RAT36,TCGTCGGCAGCGTCAGATGTGTATAAGAGACAGCCTACGGGNGGCWGCAG,1762448,0,1762448
RAT36,TOTAL,1762611,1625013,3387624
RAT48,CTGTCTCTTATACACATCT,141,488,629
RAT48,GTCTCGTGGGCTCGGAGATGTGTATAAGAGACAGGACTACHVGGGTATCTAATCC,0,676980,676980
RAT48,TCGTCGGCAGCGTCAGATGTGTATAAGAGACAGCCTACGGGNGGCWGCAG,732365,0,732365
RAT48,TOTAL,732506,677468,1409974
RAT51,CTGTCTCTTATACACATCT,167,475,642
RAT51,GTCTCGTGGGCTCGGAGATGTGTATAAGAGACAGGACTACHVGGGTATCTAATCC,0,613040,613040
RAT51,TCGTCGGCAGCGTCAGATGTGTATAAGAGACAGCCTACGGGNGGCWGCAG,677672,0,677672
RAT51,TOTAL,677839,613515,1291354
RAT52,CTGTCTCTTATACACATCT,50,564,614
RAT52,GTCTCGTGGGCTCGGAGATGTGTATAAGAGACAGGACTACHVGGGTATCTAATCC,0,814500,814500
RAT52,TCGTCGGCAGCGTCAGATGTGTATAAGAGACAGCCTACGGGNGGCWGCAG,893679,0,893679
RAT52,TOTAL,893729,815064,1708793
RAT53,CTGTCTCTTATACACATCT,108,465,573
RAT53,GTCTCGTGGGCTCGGAGATGTGTATAAGAGACAGGACTACHVGGGTATCTAATCC,0,518653,518653
RAT53,TCGTCGGCAGCGTCAGATGTGTATAAGAGACAGCCTACGGGNGGCWGCAG,583052,0,583052
RAT53,TOTAL,583160,519118,1102278
RAT5,CTGTCTCTTATACACATCT,273,960,1233
RAT5,GTCTCGTGGGCTCGGAGATGTGTATAAGAGACAGGACTACHVGGGTATCTAATCC,0,1103703,1103703
RAT5,TCGTCGGCAGCGTCAGATGTGTATAAGAGACAGCCTACGGGNGGCWGCAG,1239005,0,1239005
RAT5,TOTAL,1239278,1104663,2343941
RAT6,CTGTCTCTTATACACATCT,176,436,612
RAT6,GTCTCGTGGGCTCGGAGATGTGTATAAGAGACAGGACTACHVGGGTATCTAATCC,0,764110,764110
RAT6,TCGTCGGCAGCGTCAGATGTGTATAAGAGACAGCCTACGGGNGGCWGCAG,826319,0,826319
RAT6,TOTAL,826495,764546,1591041
RAT9,CTGTCTCTTATACACATCT,220,446,666
RAT9,GTCTCGTGGGCTCGGAGATGTGTATAAGAGACAGGACTACHVGGGTATCTAATCC,0,877342,877342
RAT9,TCGTCGGCAGCGTCAGATGTGTATAAGAGACAGCCTACGGGNGGCWGCAG,945457,0,945457
RAT9,TOTAL,945677,877788,1823465

